t dt mgp.i mgp.nrelax mgpf.i mgpf.nrelax mgu.i mgu.nrelax grid->tn perf.t perf.speed npe
0 0.034642 0 0 0 0 0 0 4096 0 0 4
0.034642 0.034642 2 3 2 3 1 4 22422 65.7545 340.996 4
0.101122 0.0664797 3 2 3 2 1 4 23360 65.8839 694.889 4
0.180897 0.0797757 4 2 3 2 1 4 23360 66.0028 1047.56 4
0.260673 0.0797757 2 2 2 2 1 4 23367 66.1482 1398.51 4
0.340449 0.0797757 1 2 1 2 1 4 23472 66.2708 1750.11 4
0.420224 0.0797757 1 2 1 2 1 4 23584 66.382 2102.45 4
0.5 0.0797757 1 2 1 2 1 4 23584 66.4585 2454.9 4
0.625 0.125 2 2 2 2 1 4 23689 66.6366 2803.83 4
0.75 0.125 1 2 1 2 1 4 23696 66.7697 3153.14 4
0.875 0.125 1 2 1 2 1 4 23703 66.8942 3501.6 4
1 0.125 1 2 1 2 1 4 23710 67.0233 3848.62 4
