t dt mgp.i mgp.nrelax mgpf.i mgpf.nrelax mgu.i mgu.nrelax grid->tn perf.t perf.speed npe
0 9.09091e+08 0 0 0 0 0 0 39992 0 0 4
0.1 0.1 5 4 1 4 1 4 14337 0.337716 42452.8 4
0.133333 0.0333333 4 3 4 4 1 4 11509 0.53994 47868.3 4
0.166667 0.0333333 4 3 4 4 1 4 10613 0.644278 56588.9 4
0.2 0.0333333 3 3 4 4 1 4 10585 0.722845 65081.7 4
0.233333 0.0333333 2 3 2 3 1 4 10781 0.788173 73365.9 4
0.266667 0.0333333 2 3 2 2 1 4 10165 0.840471 80895.1 4
0.3 0.0333333 2 3 2 2 1 4 10361 0.876583 89382.3 4
0.333333 0.0333333 2 3 2 2 1 4 10921 0.928263 96171 4
0.366667 0.0333333 2 3 2 2 1 4 11257 0.966985 103961 4
0.4 0.0333333 2 3 2 2 1 4 11537 1.00513 111494 4
0.433333 0.0333333 2 3 2 2 1 4 12013 1.08922 113916 4
0.466667 0.0333333 2 3 2 2 1 4 12349 1.15279 118346 4
0.5 0.0333333 2 3 2 2 1 4 12657 1.21723 122479 4
0.533333 0.0333333 2 3 2 2 1 4 12881 1.27813 126721 4
0.566667 0.0333333 2 3 1 2 1 4 13385 1.32013 132828 4
0.6 0.0333333 2 3 2 2 1 4 14232 1.37695 137683 4
0.633333 0.0333333 1 3 2 2 1 4 14687 1.45817 140086 4
0.666667 0.0333333 2 3 2 2 1 4 15093 1.52093 144230 4
0.7 0.0333333 1 3 2 2 1 4 15359 1.57613 148923 4
0.733333 0.0333333 2 3 2 2 1 4 15639 1.65676 151115 4
0.766667 0.0333333 1 3 1 2 1 4 15996 1.71428 155376 4
0.8 0.0333333 2 3 2 2 1 4 16297 1.77974 158818 4
0.833333 0.0333333 1 3 2 2 1 4 16850 1.85791 161205 4
0.866667 0.0333333 2 3 2 2 1 4 17165 1.9279 164256 4
0.9 0.0333333 1 3 2 2 1 4 17452 1.99067 167843 4
0.933333 0.0333333 1 3 1 2 1 4 17893 2.06624 170364 4
0.966667 0.0333333 1 3 1 2 1 4 18110 2.12909 173842 4
1 0.0333333 1 3 2 2 1 4 18383 2.20199 176435 4
1.03333 0.0333333 2 2 2 2 1 4 18677 2.32943 174800 4
1.06667 0.0333333 2 2 2 2 1 4 18894 2.43499 174982 4
1.1 0.0333333 2 2 1 2 1 4 19251 2.50511 177768 4
1.13333 0.0333333 2 2 2 2 1 4 19706 2.60738 178353 4
1.16667 0.0333333 2 2 2 2 1 4 20042 2.67594 181273 4
1.2 0.0333333 2 2 2 2 1 4 20413 2.75318 183602 4
1.23333 0.0333333 2 2 1 2 1 4 20882 2.88041 182742 4
1.26667 0.0333333 2 2 2 2 1 4 21001 3.00546 182126 4
1.3 0.0333333 2 2 1 2 1 4 21274 3.11807 182372 4
1.33333 0.0333333 2 2 1 2 1 4 21414 3.25077 181514 4
1.36667 0.0333333 2 2 1 2 1 4 21743 3.33227 183600 4
1.4 0.0333333 2 2 1 2 1 4 21939 3.41018 185839 4
1.43333 0.0333333 2 2 1 2 1 4 22296 3.5107 186869 4
1.46667 0.0333333 2 2 2 2 1 4 22373 3.60231 188327 4
1.5 0.0333333 1 2 2 2 1 4 22835 3.68638 190227 4
1.53333 0.0333333 2 2 2 2 1 4 23353 3.80362 190502 4
1.56667 0.0333333 2 2 2 2 1 4 23661 3.90291 191719 4
1.6 0.0333333 1 2 2 2 1 4 24186 3.9918 193508 4
1.63333 0.0333333 2 2 2 2 1 4 24837 4.15777 191758 4
1.66667 0.0333333 1 2 1 2 1 4 25257 4.28377 192013 4
1.7 0.0333333 2 2 1 2 1 4 25621 4.41614 192060 4
1.73333 0.0333333 1 2 2 2 1 4 25656 4.57464 191013 4
1.76667 0.0333333 2 2 2 2 1 4 26076 4.69849 191528 4
1.8 0.0333333 1 2 2 2 1 4 26300 4.79882 193004 4
1.83333 0.0333333 2 2 2 2 1 4 26510 4.92895 193288 4
1.86667 0.0333333 1 2 1 2 1 4 27028 5.02177 195097 4
1.9 0.0333333 2 2 2 2 1 4 27343 5.13573 196092 4
1.93333 0.0333333 1 2 2 2 1 4 27693 5.26682 196469 4
1.96667 0.0333333 1 2 2 2 1 4 28043 5.37941 197570 4
2 0.0333333 1 2 2 2 1 4 28085 5.48693 198817 4
2.03333 0.0333333 1 2 2 2 1 4 28141 5.62127 199072 4
2.06667 0.0333333 2 2 2 2 1 4 28414 5.74373 199775 4
2.1 0.0333333 1 2 2 2 1 4 28456 5.85432 200861 4
2.13333 0.0333333 2 2 2 2 1 4 28848 5.99716 200888 4
2.16667 0.0333333 2 2 2 2 1 4 29317 6.12118 201607 4
2.2 0.0333333 2 2 2 2 1 4 29919 6.24979 202245 4
2.23333 0.0333333 2 2 2 2 1 4 30311 6.40558 202058 4
2.26667 0.0333333 2 2 2 2 1 4 30605 6.53544 202726 4
2.3 0.0333333 2 2 2 2 1 4 30815 6.66703 203347 4
2.33333 0.0333333 2 2 2 2 1 4 30969 6.82612 203145 4
2.36667 0.0333333 2 2 2 2 1 4 31277 6.96109 203699 4
2.4 0.0333333 2 2 2 2 1 4 31592 7.09496 204308 4
2.43333 0.0333333 2 2 2 2 1 4 31977 7.29007 203227 4
2.46667 0.0333333 2 2 2 2 1 4 32635 7.43933 203536 4
2.5 0.0333333 2 2 2 2 1 4 32999 7.58333 204023 4
2.53333 0.0333333 2 2 2 2 1 4 33580 7.79 202921 4
2.56667 0.0333333 2 2 2 2 1 4 33692 7.97675 202393 4
2.6 0.0333333 2 2 2 2 1 4 34112 8.12706 202848 4
2.63333 0.0333333 2 2 2 2 1 4 34406 8.3065 202608 4
2.66667 0.0333333 2 2 2 2 1 4 34777 8.46165 203003 4
2.7 0.0333333 2 2 2 2 1 4 34896 8.61363 203472 4
2.73333 0.0333333 2 2 2 2 1 4 35547 8.79157 203397 4
2.76667 0.0333333 2 2 2 2 1 4 36093 8.9513 203800 4
2.8 0.0333333 2 2 2 2 1 4 36513 9.11275 204196 4
2.83333 0.0333333 2 2 2 2 1 4 36975 9.34371 203106 4
2.86667 0.0333333 2 2 2 2 1 4 37199 9.53378 202958 4
2.9 0.0333333 2 2 1 2 1 4 37556 9.68971 203568 4
2.93333 0.0333333 2 2 2 2 1 4 37934 9.88533 203377 4
2.96667 0.0333333 2 2 2 2 1 4 38389 10.058 203703 4
3 0.0333333 2 2 2 2 1 4 38753 10.2325 204017 4
3.03333 0.0333333 2 2 1 2 1 4 39201 10.4199 204108 4
3.06667 0.0333333 2 2 2 2 1 4 39684 10.604 204307 4
3.1 0.0333333 2 2 2 2 1 4 39859 10.7869 204538 4
3.13333 0.0333333 2 2 2 2 1 4 40342 11.0371 203556 4
3.16667 0.0333333 2 2 2 2 1 4 40678 11.2755 202861 4
3.2 0.0333333 2 2 2 2 1 4 41448 11.4994 202514 4
3.23333 0.0333333 2 2 2 2 1 4 41861 11.7278 202140 4
3.26667 0.0333333 2 2 2 2 1 4 42575 11.9302 202280 4
3.3 0.0333333 2 2 2 2 1 4 43254 12.1396 202354 4
3.33333 0.0333333 2 2 2 2 1 4 43688 12.3796 201960 4
3.36667 0.0333333 2 2 2 2 1 4 43933 12.5996 201920 4
3.4 0.0333333 2 2 2 2 1 4 44353 12.8242 201843 4
3.43333 0.0333333 1 2 2 2 1 4 44850 13.0487 201807 4
3.46667 0.0333333 2 2 2 2 1 4 44829 13.2603 201968 4
3.5 0.0333333 1 2 2 2 1 4 45004 13.4546 202395 4
3.53333 0.0333333 2 2 2 2 1 4 45424 13.7416 201475 4
3.56667 0.0333333 2 2 2 2 1 4 45627 13.9726 201408 4
3.6 0.0333333 2 2 2 2 1 4 45753 14.1862 201601 4
3.63333 0.0333333 2 2 2 2 1 4 45977 14.4396 201247 4
3.66667 0.0333333 2 2 2 2 1 4 46572 14.6599 201401 4
3.7 0.0333333 1 2 2 2 1 4 46971 14.8802 201575 4
3.73333 0.0333333 2 2 2 2 1 4 47328 15.1436 201194 4
3.76667 0.0333333 1 2 2 2 1 4 47335 15.352 201546 4
3.8 0.0333333 2 2 2 2 1 4 47881 15.5817 201649 4
3.83333 0.0333333 2 2 2 2 1 4 48413 15.8499 201291 4
3.86667 0.0333333 2 2 2 2 1 4 48763 16.0907 201309 4
3.9 0.0333333 2 2 1 2 1 4 49624 16.3136 201600 4
3.93333 0.0333333 2 2 2 2 1 4 50373 16.5857 201330 4
3.96667 0.0333333 2 2 2 2 1 4 50625 16.8361 201342 4
