t dt mgp.i mgp.nrelax mgpf.i mgpf.nrelax mgu.i mgu.nrelax grid->tn perf.t perf.speed npe
0 0.0128335 0 0 0 0 0 0 262144 0 0 4
0.0128335 0.0128335 2 4 2 3 1 4 51969 2.70096 19240.9 4
0.041889 0.0290555 3 4 3 3 1 4 60250 3.25352 34491.6 4
0.0709445 0.0290555 2 4 3 3 1 4 61727 3.81472 45598.7 4
0.1 0.0290555 1 4 1 3 1 4 62042 4.22166 55899.4 4
0.133333 0.0333333 1 4 1 3 1 4 62266 4.68109 63714.7 4
0.166667 0.0333333 1 4 1 3 1 4 62392 5.09766 70747.3 4
0.2 0.0333333 1 4 1 3 1 4 62539 5.51214 76773.3 4
0.233333 0.0333333 1 4 1 3 1 4 62469 5.96776 81379.6 4
0.266667 0.0333333 1 4 1 3 1 4 62553 6.38164 85903.7 4
0.3 0.0333333 1 4 1 3 1 4 62413 6.88878 88639.8 4
0.35 0.05 1 4 1 3 1 4 62525 7.37569 91265.3 4
0.4 0.05 1 4 1 3 1 4 62392 7.81205 94154.2 4
0.45 0.05 1 4 1 3 1 4 62315 8.26365 96549.6 4
0.5 0.05 1 4 1 3 1 4 62238 8.68785 98999.2 4
0.55 0.05 1 4 1 3 1 4 62007 9.14391 100843 4
0.6 0.05 1 4 1 3 1 4 62035 9.57316 102801 4
0.65 0.05 1 4 1 3 1 4 61860 10.0229 104360 4
0.7 0.05 1 4 1 3 1 4 61790 10.4468 106040 4
0.75 0.05 1 4 1 3 1 4 61629 10.9022 107264 4
0.8 0.05 1 4 1 3 1 4 61657 11.3247 108707 4
0.85 0.05 1 4 1 3 1 4 61601 11.7777 109755 4
0.9 0.05 1 4 1 3 1 4 61685 12.2251 110784 4
0.95 0.05 1 4 1 3 1 4 61566 12.7014 111477 4
1 0.05 1 4 1 3 1 4 61531 13.1743 112146 4
1.05 0.05 1 4 1 3 1 4 61293 13.7317 112058 4
1.1 0.05 1 4 1 3 1 4 61496 14.1866 112800 4
1.15 0.05 1 4 1 3 1 4 61391 14.6392 113505 4
1.2 0.05 1 4 1 3 1 4 61741 15.0724 114340 4
1.25 0.05 1 4 1 3 1 4 62084 15.6031 114429 4
1.3 0.05 1 4 1 3 1 4 61923 16.0547 115068 4
1.35 0.05 1 4 1 3 1 4 61769 16.527 115517 4
1.4 0.05 1 4 1 3 1 4 61468 16.9523 116245 4
1.45 0.05 1 4 1 3 1 4 61307 17.4196 116646 4
1.5 0.05 1 4 1 3 1 4 61580 17.8611 117210 4
1.55 0.05 1 4 1 3 1 4 61839 18.3454 117487 4
1.6 0.05 1 4 1 3 1 4 61944 18.8163 117839 4
1.65 0.05 1 4 1 3 1 4 61818 19.3031 118069 4
1.7 0.05 1 4 1 3 1 4 61902 19.7296 118654 4
1.75 0.05 1 4 1 3 1 4 61930 20.1917 119006 4
1.8 0.05 1 4 1 3 1 4 62189 20.6595 119321 4
1.85 0.05 1 4 1 3 1 4 62476 21.1204 119676 4
1.9 0.05 1 4 1 3 1 4 62644 21.5512 120190 4
1.95 0.05 1 4 1 3 1 4 62553 22.0161 120493 4
2 0.05 1 4 1 3 1 4 62616 22.4742 120823 4
2.05 0.05 1 4 1 3 1 4 62595 23.0674 120430 4
2.1 0.05 1 4 1 3 1 4 62728 23.6355 120190 4
2.15 0.05 1 4 1 3 1 4 62882 24.1307 120329 4
2.2 0.05 1 4 1 3 1 4 62875 24.5672 120750 4
2.25 0.05 1 4 1 3 1 4 63260 25.072 120842 4
2.3 0.05 1 4 1 3 1 4 63372 25.5273 121169 4
2.35 0.05 1 4 1 3 1 4 63099 26.0271 121267 4
2.4 0.05 1 4 1 3 1 4 62938 26.4874 121536 4
2.45 0.05 1 4 1 3 1 4 63148 26.963 121734 4
2.5 0.05 1 4 1 3 1 4 63239 27.4338 121950 4
2.55 0.05 1 4 1 3 1 4 63351 27.9168 122109 4
2.6 0.05 1 4 1 3 1 4 63785 28.3617 122443 4
2.65 0.05 1 4 1 3 1 4 64023 28.8346 122655 4
2.7 0.05 1 4 1 3 1 4 64520 29.3263 122798 4
2.75 0.05 1 4 1 3 1 4 64597 29.801 123010 4
2.8 0.05 1 4 1 3 1 4 64562 30.2449 123340 4
2.85 0.05 1 4 1 3 1 4 64625 30.7152 123555 4
2.9 0.05 1 4 1 3 1 4 64660 31.2355 123567 4
2.95 0.05 1 4 1 3 1 4 64653 31.7271 123690 4
3 0.05 1 4 1 3 1 4 64394 32.2655 123622 4
3.05 0.05 1 4 1 3 1 4 64611 32.8453 123407 4
3.1 0.05 1 4 1 3 1 4 64779 33.3886 123339 4
3.15 0.05 1 4 1 3 1 4 65003 34.0134 122984 4
3.2 0.05 1 4 1 3 1 4 65220 34.4591 123286 4
3.25 0.05 1 4 1 3 1 4 65619 34.9391 123471 4
3.3 0.05 1 4 1 3 1 4 65815 35.3891 123760 4
3.35 0.05 1 4 1 3 1 4 66151 35.8721 123938 4
3.4 0.05 1 4 1 3 1 4 66431 36.3662 124081 4
3.45 0.05 1 4 1 3 1 4 66312 36.8498 124252 4
3.5 0.05 1 4 1 3 1 4 66732 37.309 124511 4
3.55 0.05 1 4 1 3 1 4 66676 37.8002 124657 4
3.6 0.05 1 4 1 3 1 4 66760 38.273 124862 4
3.65 0.05 1 4 1 3 1 4 66739 38.8413 124753 4
3.7 0.05 1 4 1 3 1 4 66704 39.3158 124944 4
3.75 0.05 1 4 1 3 1 4 66760 39.823 125029 4
3.8 0.05 1 4 1 3 1 4 66809 40.2971 125216 4
3.85 0.05 1 4 1 3 1 4 67005 40.8869 125048 4
3.9 0.05 1 4 1 3 1 4 67579 41.4744 124907 4
3.95 0.05 1 4 1 3 1 4 67810 42.1591 124486 4
4 0.05 1 4 1 3 1 4 67887 42.8033 124199 4
4.05 0.05 1 4 1 3 1 4 68097 43.4907 123801 4
4.1 0.05 1 4 1 3 1 4 68258 44.098 123644 4
4.15 0.05 1 4 1 3 1 4 68279 44.6163 123738 4
4.2 0.05 1 4 1 3 1 4 68356 45.1312 123841 4
4.25 0.05 1 4 1 3 1 4 67971 45.6715 123865 4
4.3 0.05 1 4 1 3 1 4 68076 46.238 123819 4
4.35 0.05 1 4 1 3 1 4 68132 46.7535 123911 4
4.4 0.05 1 4 1 3 1 4 68300 47.2725 123996 4
4.45 0.05 1 4 1 3 1 4 68573 47.8242 123999 4
4.5 0.05 1 4 1 3 1 4 68748 48.3264 124133 4
4.55 0.05 1 4 1 3 1 4 68867 48.8464 124222 4
4.6 0.05 1 4 1 3 1 4 69266 49.3374 124389 4
4.65 0.05 1 4 1 3 1 4 69504 49.9058 124365 4
4.7 0.05 1 4 1 3 1 4 69378 50.4046 124511 4
4.75 0.05 1 4 1 3 1 4 69385 50.959 124518 4
4.8 0.05 1 4 1 3 1 4 69301 51.4602 124652 4
4.85 0.05 1 4 1 3 1 4 69413 52.0002 124692 4
4.9 0.05 1 4 1 3 1 4 69413 52.4959 124837 4
4.95 0.05 1 4 1 3 1 4 69287 53.0304 124885 4
5 0.05 1 4 1 3 1 4 69742 53.5421 124994 4
5.05 0.05 1 4 1 3 1 4 69994 54.1269 124937 4
5.1 0.05 1 4 1 3 1 4 70239 54.63 125072 4
5.15 0.05 1 4 1 3 1 4 70267 55.165 125133 4
5.2 0.05 1 4 1 3 1 4 70323 55.6684 125265 4
5.25 0.05 1 4 1 3 1 4 70393 56.3002 125109 4
5.3 0.05 1 4 1 3 1 4 70288 56.8537 125128 4
5.35 0.05 1 4 1 3 1 4 70330 57.4056 125150 4
5.4 0.05 1 4 1 3 1 4 70519 57.9066 125285 4
5.45 0.05 1 4 1 3 1 4 70463 58.438 125351 4
5.5 0.05 1 4 1 3 1 4 70568 58.9468 125466 4
5.55 0.05 1 4 1 3 1 4 70624 59.5564 125368 4
5.6 0.05 1 4 1 3 1 4 70659 60.0984 125413 4
5.65 0.05 1 4 1 3 1 4 70827 60.6464 125448 4
5.7 0.05 1 4 1 3 1 4 71009 61.1466 125583 4
5.75 0.05 1 4 1 3 1 4 71247 61.7573 125495 4
5.8 0.05 1 4 1 3 1 4 71240 62.3353 125474 4
5.85 0.05 1 4 1 3 1 4 71471 62.9267 125431 4
5.9 0.05 1 4 1 3 1 4 71653 63.4998 125427 4
5.95 0.05 1 4 1 3 1 4 71541 64.0809 125406 4
6 0.05 1 4 1 3 1 4 71408 64.6011 125501 4
6.05 0.05 1 4 1 3 1 4 71345 65.1631 125514 4
6.1 0.05 1 4 1 3 1 4 71394 65.6839 125606 4
6.15 0.05 1 4 1 3 1 4 71534 66.2603 125593 4
6.2 0.05 1 4 1 3 1 4 71681 66.7765 125695 4
6.25 0.05 1 4 1 3 1 4 71590 67.3387 125709 4
6.3 0.05 1 4 1 3 1 4 71583 67.8545 125808 4
6.35 0.05 1 4 1 3 1 4 71961 68.4123 125834 4
6.4 0.05 1 4 1 3 1 4 72038 68.9228 125948 4
6.45 0.05 1 4 1 3 1 4 72073 69.5254 125893 4
6.5 0.05 1 4 1 3 1 4 72220 70.057 125968 4
6.55 0.05 1 4 1 3 1 4 72283 70.6174 125992 4
6.6 0.05 1 4 1 3 1 4 72192 71.2161 125947 4
6.65 0.05 1 4 1 3 1 4 72185 71.7939 125939 4
6.7 0.05 1 4 1 3 1 4 72325 72.3677 125939 4
6.75 0.05 1 4 1 3 1 4 72150 72.9719 125885 4
6.8 0.05 1 4 1 3 1 4 72087 73.5261 125917 4
6.85 0.05 1 4 1 3 1 4 72003 74.1102 125896 4
6.9 0.05 1 4 1 3 1 4 71961 74.6292 125985 4
6.95 0.05 1 4 1 3 1 4 72185 75.1922 126001 4
7 0.05 1 4 1 3 1 4 72073 75.7175 126079 4
7.05 0.05 1 4 1 3 1 4 72255 76.3053 126055 4
7.1 0.05 1 4 1 3 1 4 72234 76.8457 126108 4
7.15 0.05 1 4 1 3 1 4 72038 77.4611 126036 4
7.2 0.05 1 4 1 3 1 4 71989 77.9881 126108 4
7.25 0.05 1 4 1 3 1 4 71975 78.5473 126126 4
7.3 0.05 1 4 1 3 1 4 72038 79.0959 126162 4
7.35 0.05 1 4 1 3 1 4 71891 79.6979 126111 4
7.4 0.05 1 4 1 3 1 4 71926 80.2245 126180 4
7.45 0.05 1 4 1 3 1 4 72031 80.847 126100 4
7.5 0.05 1 4 1 3 1 4 71975 81.4685 126021 4
7.55 0.05 1 4 1 3 1 4 72024 82.0973 125933 4
7.6 0.05 1 4 1 3 1 4 72157 82.6729 125929 4
7.65 0.05 1 4 1 3 1 4 72318 83.2764 125885 4
7.7 0.05 1 4 1 3 1 4 72626 83.8504 125889 4
7.75 0.05 1 4 1 3 1 4 72696 84.44 125871 4
7.8 0.05 1 4 1 3 1 4 72906 85.038 125843 4
7.85 0.05 1 4 1 3 1 4 72927 85.6922 125734 4
7.9 0.05 1 4 1 3 1 4 73158 86.3167 125672 4
7.95 0.05 1 4 1 3 1 4 73060 87.0538 125447 4
8 0.05 1 4 1 3 1 4 72941 87.709 125341 4
8.05 0.05 1 4 1 3 1 4 72871 88.4239 125152 4
8.1 0.05 1 4 1 3 1 4 72997 89.0836 125045 4
8.15 0.05 1 4 1 3 1 4 72941 89.7841 124881 4
8.2 0.05 1 4 1 3 1 4 72857 90.426 124801 4
8.25 0.05 1 4 1 3 1 4 72913 91.1733 124577 4
8.3 0.05 1 4 1 3 1 4 72920 91.7851 124541 4
8.35 0.05 1 4 1 3 1 4 73221 92.3889 124520 4
8.4 0.05 1 4 1 3 1 4 73438 92.933 124581 4
8.45 0.05 1 4 1 3 1 4 73753 93.5691 124523 4
8.5 0.05 1 4 1 3 1 4 73907 94.1377 124556 4
8.55 0.05 1 4 1 3 1 4 74096 94.7834 124489 4
8.6 0.05 1 4 1 3 1 4 74383 95.4028 124460 4
8.65 0.05 1 4 1 3 1 4 74348 96.0405 124408 4
8.7 0.05 1 4 1 3 1 4 74313 96.6107 124443 4
8.75 0.05 1 4 1 3 1 4 74194 97.1891 124466 4
8.8 0.05 1 4 1 3 1 4 74334 97.7269 124541 4
8.85 0.05 1 4 1 3 1 4 74558 98.3029 124570 4
8.9 0.05 1 4 1 3 1 4 74733 98.8949 124580 4
8.95 0.05 1 4 1 3 1 4 74810 99.4781 124602 4
9 0.05 1 4 1 3 1 4 74712 100.044 124644 4
9.05 0.05 1 4 1 3 1 4 74845 100.627 124665 4
9.1 0.05 1 4 1 3 1 4 74978 101.171 124736 4
9.15 0.05 1 4 1 3 1 4 75111 101.759 124754 4
9.2 0.05 1 4 1 3 1 4 74810 102.307 124816 4
9.25 0.05 1 4 1 3 1 4 74719 102.888 124838 4
9.3 0.05 1 4 1 3 1 4 74747 103.432 124904 4
9.35 0.05 1 4 1 3 1 4 74901 104.05 124882 4
9.4 0.05 1 4 1 3 1 4 75020 104.594 124950 4
9.45 0.05 1 4 1 3 1 4 75111 105.183 124964 4
9.5 0.05 1 4 1 3 1 4 75062 105.724 125035 4
9.55 0.05 1 4 1 3 1 4 75594 106.31 125057 4
9.6 0.05 1 4 1 3 1 4 75923 106.86 125123 4
9.65 0.05 1 4 1 3 1 4 75797 107.475 125113 4
9.7 0.05 1 4 1 3 1 4 75839 108.027 125175 4
9.75 0.05 1 4 1 3 1 4 76028 108.726 125070 4
9.8 0.05 1 4 1 3 1 4 76021 109.298 125110 4
9.85 0.05 1 4 1 3 1 4 76119 109.906 125111 4
9.9 0.05 1 4 1 3 1 4 75902 110.5 125125 4
9.95 0.05 1 4 1 3 1 4 76147 111.103 125132 4
10 0.05 1 4 1 3 1 4 76539 111.657 125196 4
10.05 0.05 1 4 1 3 1 4 76483 112.261 125204 4
10.1 0.05 1 4 1 3 1 4 76504 112.814 125269 4
10.15 0.05 1 4 1 3 1 4 76609 113.4 125297 4
10.2 0.05 1 4 1 3 1 4 76728 113.95 125365 4
10.25 0.05 1 4 1 3 1 4 76791 114.543 125387 4
10.3 0.05 1 4 1 3 1 4 77015 115.097 125452 4
10.35 0.05 1 4 1 3 1 4 77155 115.71 125455 4
10.4 0.05 1 4 1 3 1 4 77456 116.275 125511 4
10.45 0.05 1 4 1 3 1 4 77617 116.942 125459 4
10.5 0.05 1 4 1 3 1 4 77582 117.502 125521 4
10.55 0.05 1 4 1 3 1 4 77617 118.094 125550 4
10.6 0.05 1 4 1 3 1 4 77687 118.672 125593 4
10.65 0.05 1 4 1 3 1 4 77988 119.26 125627 4
10.7 0.05 1 4 1 3 1 4 78520 119.828 125687 4
10.75 0.05 1 4 1 3 1 4 78975 120.452 125692 4
10.8 0.05 1 4 1 3 1 4 79178 121.036 125739 4
10.85 0.05 1 4 1 3 1 4 79605 121.664 125744 4
10.9 0.05 1 4 1 3 1 4 79591 122.245 125798 4
10.95 0.05 1 4 1 3 1 4 79598 122.89 125785 4
11 0.05 1 4 1 3 1 4 79654 123.504 125805 4
11.05 0.05 1 4 1 3 1 4 79850 124.194 125749 4
11.1 0.05 1 4 1 3 1 4 79836 124.79 125789 4
11.15 0.05 1 4 1 3 1 4 79857 125.541 125672 4
11.2 0.05 1 4 1 3 1 4 80060 126.252 125599 4
11.25 0.05 1 4 1 3 1 4 80333 127.049 125443 4
11.3 0.05 1 4 1 3 1 4 80585 127.815 125321 4
11.35 0.05 1 4 1 3 1 4 81040 128.503 125281 4
11.4 0.05 1 4 1 3 1 4 81187 129.145 125287 4
11.45 0.05 1 4 1 3 1 4 81432 129.774 125308 4
11.5 0.05 1 4 1 3 1 4 81796 130.403 125330 4
11.55 0.05 1 4 1 3 1 4 82006 131.025 125361 4
11.6 0.05 1 4 1 3 1 4 81936 131.64 125398 4
11.65 0.05 1 4 1 3 1 4 82195 132.298 125395 4
11.7 0.05 1 4 1 3 1 4 82328 132.986 125365 4
11.75 0.05 1 4 1 3 1 4 82419 133.755 125261 4
11.8 0.05 1 4 1 3 1 4 82510 134.537 125146 4
11.85 0.05 1 4 1 3 1 4 82818 135.322 125032 4
11.9 0.05 1 4 1 3 1 4 82832 136.063 124960 4
11.95 0.05 1 4 1 3 1 4 82699 136.85 124846 4
12 0.05 1 4 1 3 1 4 83063 137.596 124773 4
12.05 0.05 1 4 1 3 1 4 83357 138.387 124662 4
12.1 0.05 1 4 1 3 1 4 83616 139.138 124590 4
12.15 0.05 1 4 1 3 1 4 83791 139.992 124428 4
12.2 0.05 1 4 1 3 1 4 83826 140.787 124321 4
12.25 0.05 1 4 1 3 1 4 84001 141.607 124195 4
12.3 0.05 1 4 1 3 1 4 83987 142.362 124126 4
12.35 0.05 1 4 1 3 1 4 84288 143.177 124008 4
12.4 0.05 1 4 1 3 1 4 84554 143.971 123912 4
12.45 0.05 1 4 1 3 1 4 84638 144.774 123809 4
12.5 0.05 1 4 1 3 1 4 84799 145.532 123746 4
12.55 0.05 1 4 1 3 1 4 85128 146.354 123633 4
12.6 0.05 1 4 1 3 1 4 85394 147.066 123615 4
12.65 0.05 1 4 1 3 1 4 85415 147.703 123660 4
12.7 0.05 1 4 1 3 1 4 85737 148.346 123702 4
12.75 0.05 1 4 1 3 1 4 85891 149.002 123734 4
12.8 0.05 1 4 1 3 1 4 86262 149.639 123784 4
12.85 0.05 1 4 1 3 1 4 86521 150.343 123780 4
12.9 0.05 1 4 1 3 1 4 86794 151.148 123694 4
12.95 0.05 1 4 1 3 1 4 86878 152.038 123542 4
13 0.05 1 4 1 3 1 4 86822 152.744 123539 4
13.05 0.05 1 4 1 3 1 4 86913 153.596 123420 4
13.1 0.05 1 4 1 3 1 4 87130 154.384 123355 4
13.15 0.05 1 4 1 3 1 4 87417 155.1 123349 4
13.2 0.05 1 4 1 3 1 4 87648 155.753 123394 4
13.25 0.05 1 4 1 3 1 4 87977 156.507 123362 4
13.3 0.05 1 4 1 3 1 4 88285 157.184 123392 4
13.35 0.05 1 4 1 3 1 4 88516 157.84 123440 4
13.4 0.05 1 4 1 3 1 4 88894 158.457 123520 4
13.45 0.05 1 4 1 3 1 4 89209 159.116 123570 4
13.5 0.05 1 4 1 3 1 4 89335 159.735 123650 4
13.55 0.05 1 4 1 3 1 4 89356 160.397 123697 4
13.6 0.05 1 4 1 3 1 4 89468 161.033 123764 4
13.65 0.05 1 4 1 3 1 4 89349 161.696 123809 4
13.7 0.05 1 4 1 3 1 4 89839 162.321 123886 4
13.75 0.05 1 4 1 3 1 4 90084 162.993 123928 4
13.8 0.05 1 4 1 3 1 4 90147 163.622 124002 4
13.85 0.05 1 4 1 3 1 4 90182 164.292 124045 4
13.9 0.05 1 4 1 3 1 4 90406 164.922 124119 4
13.95 0.05 1 4 1 3 1 4 90525 165.607 124153 4
14 0.05 1 4 1 3 1 4 90539 166.252 124215 4
14.05 0.05 1 4 1 3 1 4 90763 166.927 124257 4
14.1 0.05 1 4 1 3 1 4 90952 167.566 124326 4
14.15 0.05 1 4 1 3 1 4 91351 168.248 124366 4
14.2 0.05 1 4 1 3 1 4 91638 168.888 124436 4
14.25 0.05 1 4 1 3 1 4 91827 169.584 124467 4
